bostonHousing,1.0,1.0,0.03425776958465576,0.052265945822000504,0.07087665796279907,0.16449421644210815,-0.27180350820223487,2.301920016606649
bostonHousing,0.0001,0.1,0.06581971794366837,0.3525930643081665,0.4020693004131317,0.4227027893066406,-0.5035800834496816,2.970827500025431

concrete,0.0001,1.0,0.025196917355060577,0.03908403962850571,0.05857512354850769,0.1560349017381668,-0.37008660038312274,5.235380490620931
concrete,0.01,1.0,0.02519598789513111,0.03678297996520996,0.06158224865794182,0.17110854387283325,-0.3695138891537984,5.163453102111816

energy,0.1,1.0,0.02457323484122753,0.030673010274767876,0.026850154623389244,0.10135580599308014,0.6105490128199259,0.8709984223047892
energy,0.01,1.0,0.02526804432272911,0.03189263492822647,0.02700713835656643,0.0957365334033966,0.5732338627179464,1.1474205652872722

kin8nm,0.001,1.0,0.01848488301038742,0.027209516614675522,0.038130223751068115,0.07130031287670135,-0.43038398027420044,0.08709188054005305
kin8nm,0.1,1.0,0.019959378987550735,0.029014091938734055,0.03935275226831436,0.0789799615740776,-0.4356520672639211,0.08714442948500316

power-plant,2.0,1.0,0.03571184724569321,0.039386067539453506,0.04090219736099243,0.07523175328969955,-0.08242172126968701,3.867363929748535
power-plant,1.0,0.1,0.037428248673677444,0.04913608357310295,0.055258382111787796,0.12363043427467346,-0.10195617874463399,3.922604481379191

wine-quality-red,0.01,0.01,0.3791365325450897,0.451171875,0.45481422543525696,0.4561290740966797,-1.0403913656870525,0.5596108833948771
wine-quality-red,1.0,0.1,0.07828303426504135,0.37636902928352356,0.4187575876712799,0.43921762704849243,-1.0311920841534932,0.5729581316312155

yacht,0.001,1.0,0.04142562672495842,0.07150165736675262,0.0538175143301487,0.1587114781141281,0.4861118867993355,1.1790626247723897
yacht,2.0,1.0,0.039769839495420456,0.07014454901218414,0.0670325756072998,0.14888164401054382,0.2867152988910675,1.5098949670791626

naval-propulsion-plant,0.1,1.0,0.022777648642659187,0.052480828016996384,0.08294789493083954,0.16671089828014374,-0.9959368904431661,0.004982753812024991
naval-propulsion-plant,0.001,1.0,0.026343761011958122,0.058613371104002,0.10153358429670334,0.163224458694458,-1.00693545738856,0.005146717342237632

protein-tertiary-structure,0.0001,1.0,0.034395482391119,0.05759463459253311,0.05738786980509758,0.08385878801345825,-1.016021966934204,4.569835186004639
protein-tertiary-structure,2.0,1.0,0.03719392791390419,0.051026396453380585,0.06706662476062775,0.08546512573957443,-1.023654301961263,4.558876037597656
